65
86
77
85
88
93
89
99
87
76
98
88
85
99
77
77
73
66
99
73
66
77
98
99
99
84
66
55
99
99
77
99
84
88
88
97
88
87
54
99
66
99
99
99
99
99
74
87
66
97
64
86
99
98
99
99
88
88
99
87
87
99
88
65
98
66
99
97
44
99
76
99
98
86
99
99
99
76
98
98
95
87
99
77
77
77
66
85
99
77
89
88
65
53
96
98
77
75
88
98
88
99
66
96
65
99
98
66
94
84
88
87
85
98
99
77
87
97
88
88
97
98
99
54
77
99
88
95
87
88
97
89
89
99
84
88
99
77
98
66
98
88
54
99
77
87
87
99
97
87
97
89
77
77
88
66
54
88
55
87
85
66
77
63
99
75
87
66
55
77
44
95
99
75
77
87
77
98
75
98
87
99
77
99
85
99
87
66
66
98
99
77
77
55
88
33
99
99
55
97
Total joltage output is 16996.
