96
85
11
82
96
70
88
50
2
47
39
91
89
23
27
35
70
11
95
26
90
6
84
49
16
58
0
57
85
54
16
69
40
27
40
23
39
19
3
21
0
41
78
68
16
72
98
15
22
0
10
77
86
60
4
51
61
58
0
30
47
0
4
0
77
0
34
89
7
84
74
44
15
49
0
46
0
32
84
89
32
95
81
67
0
55
16
81
0
19
64
51
40
57
0
22
0
64
11
16
-500
-487
-400
-233
600
430
405
379
263
183
100
45
53
89
28
0
441
299
200
127
50
800
739
600
127
93
46
62
34
0
93
25
280
100
52
0
84
97
75
305
1200
1157
1700
1631
1505
1404
1400
1207
1059
900
827
810
799
600
-19
-2
95
78
0
59
-258
-110
-50
28
11
0
26
28
53
25
93
177
0
12
0
62
75
44
0
95
0
26
0
24
14
-813
-700
-696
-636
-451
-800
-723
-600
-660
-462
-358
-206
-500
-391
-335
-300
-280
-200
-124
-100
-26
0
50
0
-205
-100
-6
43
-524
100
11
775
578
521
498
147
100
75
43
-500
-315
-300
-910
-300
-293
-103
78
26
573
0
40
16
36
0
97
7
0
55
76
85
-167
-233
-182
475
364
300
204
-486
-300
-288
-157
-100
34
509
473
300
48
5
-648
-500
-422
-225
-1100
-989
-816
-619
-500
17
4
600
474
300
288
342
200
21
-457
-262
-100
551
88
49
32
5
-518
-400
-344
-300
-142
-79
-7
33
3
0
83
18
8
16
0
60
-176
18
0
-229
-60
0
56
47
87
0
4
67
0
51
85
0
76
3
26
-107
-575
-500
-1256
-500
-404
-291
-567
-496
-428
400
362
83
0
24
0
20
0
10
0
38
89
66
48
-317
-292
-222
-100
-969
-854
-542
-1265
-1248
-1100
-1054
-855
-691
-500
-387
-337
-300
396
207
16
0
17
0
91
0
-294
-278
-110
16
0
9
0
73
69
65
56
61
-720
-700
-630
-595
-431
-390
488
400
254
700
596
424
400
1189
1025
845
835
800
675
600
512
1334
1303
1299
1933
1752
1719
1641
1520
1966
1352
1200
1150
977
1380
1181
1166
478
317
300
950
900
783
636
500
1341
1300
1114
1464
1300
1160
655
1400
1261
1100
1019
927
900
256
393
316
199
88
30
0
46
88
0
508
368
194
200
166
100
80
0
62
0
27
0
-74
-53
6
-501
-1136
-1131
-1444
-1400
-1263
-253
-55
0
42
32
2
200
79
816
800
394
300
109
100
93
84
0
27
14
0
72
773
614
433
1026
900
872
1633
1507
1382
1161
996
897
783
673
929
837
741
666
500
492
400
251
52
15
3
-100
-53
23
89
33
248
629
571
68
48
0
35
0
36
-99
-662
-592
-512
-401
-342
-300
23
45
-500
-1135
-1000
-980
-817
-800
-639
-449
-300
-323
-318
-200
-82
9
10
0
25
44
700
901
288
179
45
172
39
74
-487
-293
-166
-100
374
353
300
178
-708
-1600
-1581
-1566
-2135
-2012
-2755
-2600
-2956
-2938
-2826
-2791
-2800
-2722
-2704
-2675
-3258
-3137
-3000
-2865
-2803
-2613
-2500
-2572
-2392
-2000
-1970
-1900
-1744
-2400
-2305
-1378
-1248
-1245
-1200
-1388
-1309
-1158
-1046
-1000
-889
-800
-630
-600
-578
-388
-300
492
400
250
-500
-483
-300
-167
-56
16
55
-49
493
-400
-299
400
253
207
49
59
0
-54
11
25
67
0
84
0
71
-200
-20
0
98
28
52
0
55
30
0
88
5
71
0
13
38
46
0
90
83
-654
-592
-400
-349
-300
-134
100
-602
-488
-300
-760
-722
-1100
-1003
-986
-904
-900
-327
-266
-193
-100
31
0
-464
-430
-425
-352
-1000
-926
-606
-558
100
18
42
31
0
55
29
48
78
57
85
61
8
0
73
194
100
78
33
91
300
86
42
736
562
81
64
16
11
-371
-275
283
100
814
1300
1196
1006
954
800
771
648
538
500
434
393
200
175
100
81
54
80
1
900
854
797
700
604
756
800
647
461
399
200
120
71
-338
-200
-199
-700
-540
-1161
-983
-900
-822
-800
-1052
-928
-900
-381
-200
-197
-5
0
51
0
32
-212
-100
-70
19
70
0
73
39
587
572
1004
1013
999
813
769
386
326
300
297
214
959
800
662
540
436
430
300
236
213
52
97
67
400
290
220
200
195
224
213
51
9
68
78
-527
-330
0
-852
-1751
-800
-762
-733
-300
-195
-115
-100
244
1034
853
700
339
10
16
0
-801
-800
-672
-582
72
14
85
200
671
1315
1628
1300
1497
586
300
477
312
1134
939
878
698
600
-177
0
75
73
67
841
140
109
30
42
-200
-22
10
25
0
39
54
71
76
-594
-582
-400
-295
-200
-56
0
94
400
383
200
7
0
-134
-47
-15
0
98
-481
-300
-104
-891
-747
-554
-406
-300
-214
-195
-173
0
54
800
699
584
489
406
400
250
226
364
300
120
928
784
616
735
568
432
287
225
200
149
800
744
737
681
544
368
326
204
157
100
77
74
250
149
62
89
37
0
76
-698
-500
-346
-253
-100
45
500
492
400
262
214
1100
821
700
594
500
363
-200
-23
45
2
0
45
0
90
0
48
0
69
38
263
9
200
919
841
700
626
537
405
1100
955
800
74
7
72
38
59
0
44
17
67
93
0
45
48
84
0
64
25
49
400
296
258
1100
946
937
800
692
560
428
300
243
200
36
449
423
400
363
-461
-291
-166
-100
175
62
92
24
97
0
80
0
220
100
987
965
900
744
700
637
0
25
0
41
80
82
60
17
62
10
25
0
65
39
0
46
-370
-189
-100
56
0
57
4
548
400
238
219
112
87
19
-878
-827
-770
-700
-671
-638
-590
-463
-800
43
827
824
0
50
0
99
7
0
55
93
2
41
14
11
32
0
21
52
0
39
32
0
-588
-500
-1116
-964
-900
-758
-650
-581
-415
-226
-100
70
0
4
0
11
0
16
0
25
17
-315
-725
-700
-72
79
717
535
367
-300
-299
-147
254
1100
1093
903
900
749
710
671
1080
1300
1277
1257
1100
935
900
993
971
925
779
684
600
507
435
311
300
208
158
87
0
29
17
37
700
662
1064
865
672
487
400
349
210
79
12
96
24
0
94
0
27
0
47
72
83
532
1339
1285
1100
938
905
900
74
0
97
17
7
31
242
689
607
500
-269
-89
0
27
-59
0
86
0
80
1
12
108
52
-407
-293
-226
-89
-302
-200
-75
49
0
25
58
-362
300
-285
-147
-82
-27
495
450
300
101
9
26
0
28
95
48
0
62
17
6
2
200
188
89
0
-260
-187
0
-176
0
46
23
0
49
15
583
356
200
160
118
100
757
600
445
366
202
100
65
804
800
727
688
518
1230
1081
993
400
305
200
66
0
719
600
490
463
435
287
526
400
373
221
49
-610
-500
-454
-846
-843
-808
-700
-651
-500
-399
-341
-146
-131
-11
0
-134
-55
27
-143
-60
0
90
67
54
-696
-386
-191
0
12
0
10
100
62
77
0
38
40
-600
-540
-608
-416
-400
-316
7
39
0
609
552
508
382
970
919
900
771
400
271
236
95
71
17
0
-612
-414
-287
-237
-200
-20
600
460
446
400
231
200
179
300
292
-23
9
98
0
61
51
0
37
47
93
37
33
41
48
8
74
21
51
13
48
200
607
309
211
96
0
24
48
-434
-1300
-1122
-1011
-815
-668
-550
-453
-324
-197
-14
100
7
0
11
0
31
0
-469
-296
-100
-43
0
34
33
1
18
47
400
68
-407
-320
-217
-362
-300
-246
-162
400
258
136
8
0
41
63
40
0
25
35
30
32
80
0
42
93
-600
-544
-349
-302
-200
-170
-1
59
72
63
94
21
0
86
-212
132
95
40
1
28
0
-884
-774
-487
-452
424
400
218
115
100
81
50
5
45
51
-600
-491
-300
-143
-100
96
46
714
673
196
174
0
31
43
-801
-646
-861
-1749
-906
-720
-269
-100
-48
-46
0
92
-456
-400
-387
-300
-204
-95
82
33
59
0
4
-77
676
600
470
295
-57
0
57
0
146
87
823
1700
1665
1614
1600
1580
1400
1245
1064
1000
1237
1200
1387
1200
1080
998
900
839
701
567
541
431
100
25
0
10
0
67
0
15
25
0
62
94
0
94
0
694
549
500
331
-553
-1139
-1100
-546
-373
-251
-93
6
0
53
0
48
100
41
79
67
0
61
84
0
39
64
61
0
41
71
0
16
2
36
5
0
8
60
10
0
12
0
66
200
146
-100
-98
0
506
-158
-42
0
26
65
89
92
85
0
630
1023
976
820
642
515
235
-609
-400
-383
-200
-1
-223
-85
0
146
68
6
0
81
748
341
300
-342
-218
-100
44
-678
-800
-737
35
88
63
0
242
155
0
95
78
54
0
64
0
53
0
89
44
90
25
294
250
767
700
501
500
428
321
218
187
186
158
100
72
483
323
283
100
34
45
90
11
60
-79
-40
49
0
17
0
96
-737
-802
-700
-523
-400
-355
-271
-200
-194
-96
-62
-3
0
49
0
67
800
756
700
545
453
431
300
166
124
34
81
72
0
554
400
163
0
41
0
47
0
65
0
72
0
11
0
266
107
24
0
6
67
35
95
0
14
0
11
75
68
29
75
0
21
0
65
2
0
43
-372
-300
63
30
0
25
0
-898
-701
-1200
-1176
-1153
-1269
-1143
-961
-859
-836
-779
-663
-566
-476
0
-403
40
96
67
36
500
318
300
114
33
0
621
445
340
200
59
44
0
26
759
600
532
342
203
1059
997
900
284
75
678
617
455
-124
-711
-619
-464
100
87
19
-547
-514
-100
-78
8
-27
32
65
0
85
-795
-642
-454
-300
-122
45
65
91
0
75
14
95
-100
-26
15
53
8
0
58
86
0
2
33
47
896
699
629
469
300
245
30
27
-800
-968
-471
-300
-184
-34
56
41
0
3
85
-625
-500
-357
-1100
-1016
-300
-783
-600
-466
-284
-99
-789
-652
-505
-500
-402
-353
-200
-32
820
1097
910
819
815
736
601
1244
1348
1200
1308
1174
1149
1000
977
918
877
0
71
88
80
34
20
0
451
300
-578
-432
-253
-144
0
62
800
774
600
422
-300
-109
87
12
0
16
87
0
-871
-800
-925
-700
-1044
-1000
-79
39
52
15
11
78
100
64
80
0
99
68
95
-125
-119
62
888
812
649
498
344
250
100
77
66
64
4
200
27
21
200
194
132
100
19
0
42
55
0
-373
-196
0
60
42
0
83
0
46
12
15
51
15
97
24
35
0
776
700
513
100
59
84
15
27
0
87
622
443
0
90
94
34
87
0
35
0
798
600
480
235
-637
-520
-144
-100
76
600
461
400
601
1358
1757
1728
1300
1163
1085
976
900
786
700
512
452
300
615
900
795
0
2
0
26
94
54
22
49
82
93
35
0
45
15
-551
-1386
-1200
-1107
-986
-800
-680
-537
-391
-390
-300
-103
-1000
-862
-751
-668
-1348
-1200
-1111
-1100
-1010
-1300
-1135
-1700
-1590
-510
-403
-899
-855
-1215
-274
-100
5
0
98
629
437
300
219
0
104
61
0
84
58
57
91
99
0
9
10
0
82
18
55
34
0
65
0
78
0
402
-265
-186
400
397
318
160
12
0
79
0
93
-400
-208
-200
-1098
-1000
-938
-800
-705
-509
-500
-858
-774
-700
-1038
-1013
-900
-889
0
27
0
57
0
90
95
671
564
490
400
-240
-168
-600
-584
-519
-390
146
0
26
71
22
79
89
20
355
-167
-161
-775
62
44
0
83
11
64
10
7
17
77
700
518
374
209
600
495
58
65
0
2
67
0
92
5
0
22
54
10
56
65
332
261
200
86
90
36
200
137
100
6
29
72
92
0
738
994
500
385
200
7
-334
-166
17
89
-300
-811
-300
-641
-600
-595
-410
-389
-200
-123
-66
0
99
75
89
38
24
700
698
600
36
0
65
11
769
571
457
400
294
200
478
895
767
700
528
918
863
691
587
500
426
321
260
100
24
200
90
93
0
99
-574
-538
-500
-450
-334
-300
-165
-432
-388
-936
-882
-700
-611
-512
-500
-447
-400
-313
-219
-62
31
35
0
207
170
0
87
44
-747
-692
-619
-579
-471
-321
-232
400
249
67
62
0
18
22
64
99
94
0
8
0
82
0
82
-12
74
0
-173
-45
-41
48
34
0
84
62
646
1225
1200
1024
900
822
691
500
-375
-1100
-970
-822
-788
-1663
-1647
-1626
-1600
-1484
-1335
-1295
-1258
-1100
-924
-847
-656
-491
-173
-63
89
400
278
175
100
71
700
684
700
569
-322
-209
-137
0
48
25
28
27
0
83
0
26
94
59
0
21
0
90
3
30
75
-158
-108
-100
-52
84
15
0
377
-489
-300
-836
-766
-577
51
0
94
30
0
-174
-1063
-991
-800
-730
-535
-400
-261
-200
-42
48
60
36
-499
-326
-312
-202
-200
-137
-800
-619
61
54
47
300
204
40
14
17
75
0
88
0
54
0
58
0
23
792
700
691
504
500
486
93
43
29
0
34
47
-12
77
37
65
0
33
0
12
0
78
63
40
51
59
0
47
57
36
37
0
17
0
-706
-561
196
47
84
-159
0
9
8
92
38
82
0
-711
-646
-900
-856
-800
-756
-657
-600
-430
-395
437
296
100
34
453
400
353
230
191
500
401
202
135
29
37
79
52
0
81
17
-740
-596
-517
-420
-300
-815
-674
-619
-458
-299
-100
-40
-175
91
142
100
58
0
61
-400
-372
-216
429
83
38
-200
-66
0
77
0
8
515
400
356
289
201
9
29
91
-125
51
0
17
199
100
59
0
86
96
500
320
-270
-135
600
73
3
0
50
0
47
0
253
160
909
540
500
467
400
353
-100
22
0
72
88
0
34
35
19
900
722
580
575
518
435
0
66
40
52
59
35
96
400
352
158
100
66
0
-774
-700
-643
144
22
55
0
43
2
13
0
97
24
200
40
47
34
38
18
92
0
89
86
0
53
0
85
61
60
0
97
83
82
0
57
94
0
12
89
400
393
369
306
142
49
0
87
75
220
76
52
384
223
-572
-381
-1130
-1100
-707
-522
-348
-204
-16
453
317
276
100
7
66
42
400
352
345
261
100
44
84
0
30
700
537
464
445
368
400
238
100
4
39
85
45
0
52
200
23
76
43
-479
-282
-100
36
0
887
700
544
900
713
1300
1170
1100
1079
1008
298
238
-78
0
98
212
87
90
4
95
67
93
16
47
72
71
0
44
-100
53
83
71
49
31
5
73
11
91
22
54
89
26
52
-330
-145
-100
-21
32
0
56
0
-297
-100
-47
-500
-460
-274
-140
97
27
2
54
0
15
74
28
-151
0
74
86
910
300
118
110
0
80
557
400
310
1100
989
865
798
700
571
39
0
35
18
13
0
55
77
41
90
83
87
800
421
400
1019
358
171
5
-10
0
2
63
24
60
92
-528
-400
-340
71
82
0
137
104
13
37
57
33
60
53
800
43
0
83
13
167
85
-300
-203
-2
-500
209
106
27
13
31
823
803
732
700
625
616
514
0
18
50
311
156
100
947
800
695
540
450
400
776
95
0
44
724
600
1094
922
755
700
565
438
871
694
500
32
0
339
68
-569
-413
-357
137
95
0
66
0
30
63
21
0
79
42
0
68
-744
-722
0
6
47
73
0
28
14
0
59
68
77
-232
-92
67
73
600
892
815
120
-297
364
-300
-125
600
784
1423
1399
1743
2355
2250
2102
2100
1982
1848
1800
1663
1470
700
658
638
504
403
300
119
100
49
32
600
467
270
200
103
83
30
74
52
45
17
57
-784
-574
-509
-200
-29
62
0
88
99
0
36
79
214
179
62
-181
0
96
82
-608
-426
-355
59
313
210
11
0
14
109
51
0
54
-641
-610
-500
-498
-438
-408
-293
-207
-129
405
300
127
0
49
800
933
918
1600
1417
1000
1214
1100
904
600
442
1085
517
420
400
231
200
61
43
0
59
0
50
-395
-282
-100
97
0
91
0
98
72
73
20
0
32
0
78
0
59
-665
-566
-400
-286
-200
-98
73
59
87
400
-390
0
35
-100
-95
122
38
25
261
1140
1055
1044
954
600
764
625
454
300
250
112
20
749
298
100
786
707
637
519
40
16
-668
-548
-424
-330
-218
-100
-23
800
262
200
9
0
36
0
84
17
0
93
56
63
88
54
17
0
16
69
-767
-733
-630
-500
-349
-200
-116
-586
-520
-509
-400
-211
-34
-9
0
35
0
12
14
26
-100
19
69
5
-700
-640
24
0
33
1
66
441
400
-133
-64
0
-882
-856
-807
-700
-550
-500
-361
-300
-216
-100
88
266
858
171
100
-262
-200
-196
-100
97
75
19
37
19
0
33
0
72
0
77
0
29
78
63
0
64
96
75
65
38
79
14
60
0
27
-470
-400
-229
-200
-9
33
0
80
-312
0
81
31
604
418
242
224
63
0
7
0
546
483
400
69
38
36
-632
-962
-900
-302
-716
-552
-511
-500
71
0
811
1248
1100
1030
910
800
1332
1304
1188
1000
924
921
1028
1017
828
672
549
501
316
300
184
181
25
0
21
-553
-374
-870
-700
-696
-620
-510
-500
-375
347
200
157
28
29
64
63
37
45
-836
-696
-513
-400
-314
-200
-76
-207
-100
-91
89
13
22
0
22
-271
-44
13
864
700
1514
1400
1317
1301
1200
1065
1511
1333
1308
1200
1165
250
149
0
91
2
0
-312
-800
-53
72
0
15
0
19
0
21
18
0
86
24
578
-96
-268
-78
-14
0
568
811
1000
1428
1300
1121
1000
921
779
700
819
700
637
470
1079
900
1531
1407
1300
769
600
547
526
523
244
-36
-600
-1358
-1254
-1200
-1049
-800
-634
-531
200
109
60
53
0
61
80
0
37
100
6
0
-294
-95
21
700
648
1536
1515
1483
1314
1141
1000
801
620
609
544
506
431
348
200
139
0
94
-604
-500
-1046
-900
-815
-800
-733
-696
-617
-500
-399
-650
-591
-400
-287
-269
-88
-10
86
0
23
-823
-700
-681
-500
-345
-200
-74
-1
53
351
213
-200
-2
0
95
400
390
258
687
683
556
496
484
434
324
233
190
0
95
241
535
390
300
745
732
588
548
381
342
248
188
100
17
0
59
4
0
-821
-1643
-1500
-1482
-1400
-1272
-1200
-229
83
14
59
41
19
-508
-483
-371
-362
-200
-44
17
65
0
-285
-1027
-1004
-1000
-84
485
434
365
171
145
73
97
92
0
43
0
18
44
28
-800
-617
-500
-1002
-937
-1726
-1600
-1553
-1491
-1409
-2043
-1985
-1971
-1909
-1885
-2464
-2270
-2800
-2624
-2040
-2010
-1886
-1752
-1635
-1900
-1990
-1821
-1800
-1776
-766
-600
-557
-34
273
186
122
50
0
-135
-526
-518
-345
-193
-100
-86
235
60
12
75
-795
-1200
-1040
-1035
-1000
-858
-822
-800
-607
-500
27
75
836
1500
1488
1674
983
437
300
109
56
0
92
0
90
738
646
321
-244
-176
-67
-800
-693
-600
76
37
865
800
641
600
518
453
300
1005
849
675
600
155
34
59
11
51
44
8
146
100
62
91
17
0
6
0
46
16
10
558
463
400
220
198
97
0
54
19
22
0
39
70
0
31
0
12
4
0
19
86
11
0
59
-456
-248
400
340
-482
-304
-172
-57
20
0
92
74
92
0
40
0
8
95
97
0
99
0
61
32
0
27
0
82
20
22
0
69
-65
0
41
160
93
0
91
88
60
46
55
44
31
-362
-200
-43
-233
-100
-31
0
49
0
48
777
456
450
318
284
-300
-294
-259
-123
-51
0
17
87
-630
-864
-752
-640
-555
-442
-321
-156
0
29
30
0
4
0
21
22
6
0
30
23
20
83
79
0
17
-800
-687
-535
-440
-400
-263
-251
-400
-290
-100
-33
54
88
81
68
0
25
65
59
94
300
145
54
26
0
69
6
40
-787
-745
-702
-700
-631
-600
-1059
-67
0
62
0
78
0
13
0
90
867
686
647
573
0
36
0
65
0
29
76
208
193
91
0
78
67
0
37
28
31
0
33
-860
-834
-700
-552
-380
-343
-200
-48
0
25
9
65
96
0
59
11
24
0
463
371
300
287
90
0
78
95
-100
-22
0
31
48
65
400
347
1098
100
19
-390
-287
-274
0
48
0
31
483
158
84
94
63
-525
-477
-370
-364
-300
-104
0
54
41
95
85
969
955
900
838
700
672
606
66
-200
-62
300
-10
32
97
53
-258
-193
0
213
20
89
45
71
54
-100
-7
44
14
900
707
700
557
540
434
366
339
0
35
52
51
200
-582
-495
-366
-115
0
1
0
14
96
20
0
8
58
0
52
845
716
600
531
453
0
59
0
71
0
94
55
53
70
34
40
69
97
400
294
200
184
100
32
72
74
71
89
50
0
47
10
453
383
530
451
429
1117
1100
982
800
651
561
392
891
800
740
649
1300
1276
1216
1100
259
213
100
13
654
508
494
490
611
572
551
385
312
310
200
52
0
-539
-400
-293
-122
-101
0
76
0
2
16
0
72
53
40
96
0
71
61
4
89
52
39
0
25
77
63
0
56
908
544
34
-300
40
63
0
238
365
242
83
64
0
83
54
229
66
877
330
519
700
528
-300
-172
18
95
-800
-667
-538
-352
-351
-300
-352
-264
-162
-4
32
0
17
-194
-147
-110
-572
-500
-407
-299
-166
5
57
600
597
500
-40
-742
-716
-521
-472
-323
-218
-200
-149
-70
0
487
300
237
119
100
386
278
200
-662
-267
-992
-900
-748
-600
-468
-461
-424
-400
-306
-1186
-1000
13
0
6
62
41
33
41
75
903
710
1200
1050
884
848
747
1096
1037
1668
1500
1382
1271
1076
982
900
940
932
800
691
585
479
400
244
222
124
42
0
39
0
1
0
82
47
15
0
57
71
45
0
86
0
22
1
529
500
463
428
403
56
19
92
16
43
76
0
74
0
53
46
0
86
37
61
27
3
6
-872
-829
-700
-617
-463
-1361
-1162
-1070
-1100
-912
-1700
-1633
-1509
-1400
-1268
-1000
-810
10
81
86
0
79
57
11
75
0
61
0
13
18
0
90
52
0
84
12
33
75
0
372
354
865
131
375
248
128
101
14
41
56
-600
-876
-751
-749
-701
-504
-548
-509
-400
197
155
121
293
254
79
-300
-978
-1615
-1484
-1400
-1377
-2053
-1914
-982
-900
-866
-1319
-1198
-617
-601
-1000
-841
-857
-822
-698
-689
-600
-480
-441
-1000
-1659
-1550
-1523
-1500
-1325
-1200
-1290
-1240
-1100
-979
-862
-754
-563
198
9
60
74
70
73
83
58
11
13
0
11
85
89
718
57
0
42
89
0
82
34
175
300
176
700
549
457
411
410
212
300
33
-400
-363
-200
-146
-36
24
44
45
73
65
68
76
42
49
293
200
65
98
74
0
25
18
87
-112
-1002
-997
-883
-741
-985
-976
-900
-884
-468
-11
49
48
38
86
90
0
-746
-700
-604
-449
-329
-300
-120
41
27
0
74
0
438
276
198
-100
73
57
84
0
62
13
-400
-220
-58
-589
-956
-869
-700
-1288
-1227
-1200
-1065
-1810
-891
-889
-700
-1151
-1000
-872
-700
-673
-1564
-1448
-2337
-2302
-2200
-2137
-2171
-2159
-2000
-1825
-1768
-1300
-1634
-1600
-1561
-1378
-1263
-1226
-660
-500
-699
-624
-521
-389
-200
-54
-35
-5
0
33
92
100
23
-790
-715
-711
-691
-583
-454
400
345
295
181
53
37
20
-259
-233
-59
0
99
75
13
56
73
0
41
-185
0
9
-500
-334
-313
144
100
50
80
49
455
300
-315
-200
-167
-62
-38
72
54
302
-177
-136
-24
14
23
52
700
652
482
1087
1000
986
983
900
723
78
200
184
0
5
763
595
500
370
228
63
0
701
535
437
391
300
163
47
-555
-462
-364
-100
92
13
300
230
111
32
75
259
84
11
-600
-428
-172
0
43
6
11
56
-94
0
27
486
397
300
187
124
40
0
88
42
-133
0
92
485
395
200
80
0
34
0
44
0
24
-200
-58
0
-147
18
0
5
93
158
40
61
0
-74
0
341
259
166
599
-53
-7
64
80
0
75
83
27
-700
-690
-640
-484
-456
-264
-84
0
15
64
22
2
88
32
-795
-1400
-514
-490
-489
-390
-226
-212
-200
-99
0
31
0
68
52
0
3
0
65
0
91
27
36
91
0
78
49
97
0
39
7
21
49
23
0
84
38
0
70
69
19
6
11
2
0
17
68
0
11
0
39
13
6
30
87
54
9
0
67
80
59
7
51
54
73
20
12
29
41
86
44
52
90
70
77
97
72
92
14
42
15
10
71
65
48
6
35
84
34
29
60
9
93
13
86
2
29
92
37
69
39
96
57
86
19
51
17
48
Password is 491.
